216.708 27.0885 47.4049 216.708 3.38606
215.209 50.7909 77.0329 358.923 11.9041
206.380 71.5306 94.069 447.807 23.6107
207.151 89.6777 102.309 498.914 37.1103
208.847 105.557 104.52 523.637 51.4161
206.889 119.45 102.704 530.266 65.8411
206.797 131.608 98.3032 524.821 79.9263
206.174 142.245 92.3432 511.618 93.3682
206.945 151.553 85.5461 493.737 105.987
208.724 159.697 78.4124 473.347 117.684
207.344 166.824 71.2803 451.945 128.423
207.441 173.059 64.3724 430.549 138.202
206.952 178.515 57.8276 409.825 147.053
206.389 183.289 51.7254 390.191 155.024
206.993 187.467 46.1043 371.884 162.172
206.415 191.122 40.9747 355.021 168.557
206.459 194.32 36.3281 339.632 174.245
206.618 197.119 32.1433 325.692 179.301
207.815 199.567 28.3927 313.138 183.782
207.516 201.71 25.044 301.886 187.75
206.501 203.585 22.0638 291.84 191.257
207.336 205.225 19.4186 282.899 194.35
206.217 206.66 17.0759 274.964 197.078
207.036 207.916 15.005 267.936 199.481
206.761 209.015 13.177 261.723 201.595
206.368 209.977 11.5655 256.239 203.455
206.724 210.818 10.1466 251.404 205.088
206.157 211.555 8.8982 247.148 206.525
206.738 212.199 7.8009 243.403 207.784
207.038 212.762 6.83718 240.111 208.888
