0.551 0.068875 0.120531 0.550999 0.00860938
0.375 0.129141 0.195863 0.912593 0.0302675
0.766 0.181873 0.239179 1.13859 0.0600323
0.559 0.228014 0.260131 1.26854 0.0943564
0.505 0.268387 0.265751 1.33139 0.130729
0.450 0.303714 0.261135 1.34825 0.167409
0.404 0.334625 0.249945 1.33441 0.203219
0.418 0.361671 0.234791 1.30083 0.237397
0.404 0.385338 0.217509 1.25537 0.269483
0.479 0.406045 0.19937 1.20352 0.299224
0.458 0.424165 0.181236 1.14911 0.326526
0.422 0.440019 0.163673 1.09471 0.351392
0.379 0.453892 0.147031 1.04202 0.373898
0.385 0.46603 0.131516 0.992094 0.394163
0.374 0.476651 0.117224 0.945547 0.412334
0.467 0.485945 0.104182 0.902673 0.428571
0.469 0.494077 0.0923672 0.863546 0.443035
0.462 0.501192 0.0817274 0.828102 0.455886
0.369 0.507418 0.0721911 0.796182 0.467283
0.373 0.512866 0.0636768 0.767573 0.477371
0.450 0.517633 0.0560994 0.742031 0.486287
0.532 0.521804 0.0493735 0.719298 0.494155
0.380 0.525453 0.0434169 0.699121 0.50109
0.379 0.528647 0.0381509 0.681251 0.507201
0.546 0.531441 0.0335029 0.665453 0.512576
0.484 0.533886 0.0294057 0.651509 0.517304
0.432 0.536025 0.025798 0.639217 0.521457
0.490 0.537897 0.0226243 0.628394 0.525106
0.366 0.539535 0.0198345 0.618873 0.528309
0.466 0.540968 0.0173838 0.610503 0.531119
