0.551 0.068875 0.120531
0.375 0.129141 0.195863
0.766 0.181873 0.239179
0.559 0.228014 0.260131
0.505 0.268387 0.265751
0.450 0.303714 0.261135
0.404 0.334625 0.249945
0.418 0.361671 0.234791
0.404 0.385338 0.217509
0.479 0.406045 0.19937
0.458 0.424165 0.181236
0.422 0.440019 0.163673
0.379 0.453892 0.147031
0.385 0.46603 0.131516
0.374 0.476651 0.117224
0.467 0.485945 0.104182
0.469 0.494077 0.0923672
0.462 0.501192 0.0817274
0.369 0.507418 0.0721911
0.373 0.512866 0.0636768
0.450 0.517633 0.0560994
0.532 0.521804 0.0493735
0.380 0.525453 0.0434169
0.379 0.528647 0.0381509
0.546 0.531441 0.0335029
0.484 0.533886 0.0294057
0.432 0.536025 0.025798
0.490 0.537897 0.0226243
0.366 0.539535 0.0198345
0.466 0.540968 0.0173838
